     Alpha       VLM_H10K_V158_C143         Alpha       VLM_SL_V20_C143    
           -4         0.1139051             -4         0.1139051  
         -3.5         0.1651569           -3.5         0.1651569  
           -3         0.2163962             -3         0.2163962  
         -2.5         0.2676178           -2.5         0.2676178  
           -2         0.3188162             -2         0.3188162  
         -1.5         0.3699859           -1.5         0.3699859  
           -1         0.4211217             -1         0.4211217  
         -0.5         0.4722182           -0.5         0.4722182  
            0         0.5232699              0         0.5232699  
          0.5         0.5742715            0.5         0.5742715  
            1         0.6252176              1         0.6252176  
          1.5          0.676103            1.5          0.676103  
            2         0.7269222              2         0.7269222  
          2.5         0.7776699            2.5         0.7776699  
            3         0.8283409              3         0.8283409  
          3.5         0.8789298            3.5         0.8789298  
            4         0.9294315              4         0.9294315  
          4.5         0.9798406            4.5         0.9798406  
            5          1.030152              5          1.030152  
          5.5           1.08036            5.5           1.08036  
            6          1.130461              6          1.130461  
          6.5          1.180448            6.5          1.180448  
                                             7          1.230316  
                                           7.5          1.280061  
                                             8          1.329678  

